measurement_point: "s40"
camera_name: "s_cam_far"
objects_file: "../misc/objects.yaml"
explicit_road_marks_file: "../misc/road_marks.yaml"
pixels_file: "../misc/pixels.yaml"
mapping_file: "../misc/mapping.yaml"
background_frame: "../misc/background.png"
intrinsics: [ 9023.482825, 9014.504360, 1222.314303, 557.541182 ]
ros_tf2_coordinates: true
translation: [ -444.62679384269882, 117.6633265127147, 10.015564539146094 ]
rotation: [ -20.777346474546256, 3.9869309010142331, 0.016366255535430613 ]
optimize_intrinsics: False
evaluation_runs: 10
log_optimization: True
